TELEGRAM_BOT_TOKEN=7829390942:AAG8OepVkx96oKhl4nYlRBoPGXlHjrM4bcQ
PRIVATE_KEY=[
    161,
    36,
    218,
    246,
    51,
    94,
    215,
    37,
    70,
    44,
    162,
    5,
    61,
    105,
    241,
    142,
    154,
    11,
    142,
    145,
    29,
    114,
    21,
    209,
    48,
    152,
    187,
    98,
    164,
    1,
    223,
    137,
    176,
    132,
    183,
    174,
    188,
    188,
    179,
    25,
    205,
    194,
    119,
    204,
    27,
    233,
    151,
    150,
    0,
    157,
    134,
    178,
    155,
    22,
    178,
    205,
    235,
    94,
    43,
    112,
    247,
    249,
    96,
    106
  ]
RPC_ENDPOINT=https://mainnet.helius-rpc.com/?api-key=cb83d108-c940-44e3-9c83-ee80abe8b8bd